Method;Job;AnalyzeLaunchVariance;EvaluateOverhead;MaxAbsoluteError;MaxRelativeError;MinInvokeCount;MinIterationTime;RemoveOutliers;Affinity;Jit;Platform;Runtime;AllowVeryLargeObjects;Concurrent;CpuGroups;Force;HeapAffinitizeMask;HeapCount;NoAffinitize;RetainVm;Server;Arguments;BuildConfiguration;Clock;EngineFactory;EnvironmentVariables;Toolchain;IsBaseline;InvocationCount;IterationTime;LaunchCount;RunStrategy;TargetCount;UnrollFactor;WarmupCount;Mean;Error;StdDev;Scaled
Default;Default;False;Default;Default;Default;Default;Default;Default;255;RyuJit;X64;Core;False;True;False;True;Default;Default;False;False;False;Default;Default;Default;Default;Default;Default;Default;1;Default;Default;Default;Default;16;Default;28.11 ns;0.2196 ns;0.2054 ns;1.00
NoInterface;Default;False;Default;Default;Default;Default;Default;Default;255;RyuJit;X64;Core;False;True;False;True;Default;Default;False;False;False;Default;Default;Default;Default;Default;Default;Default;1;Default;Default;Default;Default;16;Default;21.75 ns;0.1348 ns;0.1261 ns;0.77
Expressions;Default;False;Default;Default;Default;Default;Default;Default;255;RyuJit;X64;Core;False;True;False;True;Default;Default;False;False;False;Default;Default;Default;Default;Default;Default;Default;1;Default;Default;Default;Default;16;Default;23.38 ns;0.1760 ns;0.1646 ns;0.83
DynamicMethod;Default;False;Default;Default;Default;Default;Default;Default;255;RyuJit;X64;Core;False;True;False;True;Default;Default;False;False;False;Default;Default;Default;Default;Default;Default;Default;1;Default;Default;Default;Default;16;Default;21.92 ns;0.3097 ns;0.2897 ns;0.78
